123 123 123
770826745887850516 388905161566978049 11834
747976411855192125 770801031155154954 152
747976411855192125 667535388944105479 152
747976411855192125 547172780605702186 342
747976411855192125 254467782463324161 46
742214807155114074 348487951724052480 2823
747976411855192125 599719740923183131 36
769320706654732319 388905161566978049 0
742214807155114074 388905161566978049 2057
742214807155114074 517157946749354005 3745
770826745887850516 517157946749354005 1124
747976411855192125 393558356276543489 29
770826745887850516 499053898439458836 939
747976411855192125 640245987688054787 39
765714469405589584 388905161566978049 379
747976411855192125 623320749691895818 32
742214807155114074 656285272962760725 749
742214807155114074 609217863202373798 1359
742214807155114074 585675953028464664 1126
742214807155114074 743353610460725330 665
742214807155114074 361398286508097542 1191
770826745887850516 614263393448099850 33
770826745887850516 348487951724052480 634
747976411855192125 413484002926919688 11
747976411855192125 475117665065631744 6
747976411855192125 714190292391166022 7
747976411855192125 511695372813598720 8
747976411855192125 500123695990439947 0
747976411855192125 732757326838104125 0
747976411855192125 755819541522808947 1
742214807155114074 487047514466287626 312
772517026584592425 297209772065685505 36
772517026584592425 750789042517573822 44
772517026584592425 743884121419284600 368
772517026584592425 659803350271000620 13
772517026584592425 764984895998918666 65
772517026584592425 499053898439458836 5
772517026584592425 713537407345229926 155
772517026584592425 415277338809597952 16
772517026584592425 403391369252569090 258
772517026584592425 551470360814419989 4
747976411855192125 748650156345393264 0
770826745887850516 600890572240060436 1
742214807155114074 373643742588174336 153
742214807155114074 296833874586238987 122
747976411855192125 523576930583445504 26
676729345573912576 417578399951880203 0
768979669097381898 614263393448099850 492
768979669097381898 613473036632326179 181
768979669097381898 471719262176935959 32
757706036009500674 348487951724052480 515
770826745887850516 471719262176935959 5
770826745887850516 613473036632326179 24
770826745887850516 545790095765012486 20
742214807155114074 499053898439458836 583
747976411855192125 720383504768172212 14
747976411855192125 401515728274063362 295
765714469405589584 499053898439458836 405
757645616749871214 617119885289324562 188
757645616749871214 545790095765012486 237
757645616749871214 614263393448099850 3
757645616749871214 471719262176935959 31
